[[[[-7.41617754e-02 -4.01168913e-02  1.30478933e-01  1.42543077e-01
    -1.04002198e-02 -9.36826766e-02 -5.51901646e-02  1.01101264e-01
    -1.05993211e-01 -1.90467462e-02  7.10674748e-02 -8.09275284e-02
    -9.05804411e-02  1.34471714e-01 -1.75973363e-02  1.28709286e-01
    -1.06532045e-01 -1.06404677e-01 -3.76812033e-02 -1.17291898e-01
    -4.81043942e-02  9.17452350e-02  3.67980376e-02  1.39422402e-01
     1.40045002e-01  2.11737398e-02  1.32712096e-01 -1.08773954e-01
    -1.17148243e-01 -3.26241553e-02 -4.73258132e-03  9.91565362e-02]
   [-6.17002919e-02  2.88164504e-02 -1.28650397e-01 -1.05220145e-02
     2.73056421e-02  6.11493774e-02  7.43370056e-02 -1.47908375e-01
     5.53764887e-02 -4.89822961e-02  1.14572696e-01 -2.50389576e-02
    -6.21395819e-02  8.53249803e-02 -2.16632895e-02 -1.09142937e-01
     2.75796410e-02  2.55908370e-02 -8.22954550e-02 -1.38504326e-01
     4.88892905e-02  4.82417233e-02 -1.58110201e-01  2.57852804e-02
    -6.23295177e-03 -7.17573240e-02  1.10778019e-01  9.98623297e-02
    -1.36177108e-01  4.89210337e-02  9.01419818e-02  1.30796194e-01]
   [ 1.22039594e-01 -7.64130875e-02  8.18576515e-02  8.31266940e-02
     1.00746579e-01 -1.06947005e-01  1.33867949e-01 -6.71494007e-02
    -1.48854265e-02  1.33862227e-01  1.06130295e-01  1.36009306e-01
    -1.00381561e-01 -4.91319364e-03 -8.62401561e-04  3.63338143e-02
    -1.01750650e-01  3.79507132e-02  5.54318614e-02 -1.60318509e-01
    -8.04565176e-02 -8.68590549e-02 -1.64193250e-02  8.03327784e-02
     1.01972699e-01  1.19581193e-01  4.75802235e-02  1.28895357e-01
     1.95975732e-02  5.96231520e-02  1.38588920e-01  2.46456228e-02]]

  [[-7.79931173e-02 -1.23413809e-01 -2.23403256e-02 -6.15230575e-02
    -5.32879159e-02  2.31154133e-02  7.74690360e-02 -3.09845787e-02
     9.34017897e-02 -1.28606141e-01  7.96838477e-02  1.36091486e-01
    -8.44640881e-02  1.52067831e-02 -4.20204317e-03  1.04539581e-01
    -5.42091541e-02  3.37977558e-02  1.05449930e-01  5.19294366e-02
     1.32426083e-01  6.70226738e-02  1.10811539e-01 -4.24791174e-03
     8.12138915e-02  4.49169800e-02 -1.31718535e-02 -1.64825004e-02
    -7.92553648e-03  3.39476764e-02 -1.28150642e-01 -8.89407247e-02]
   [ 4.19393480e-02  1.24791212e-01  1.16533637e-01  1.47881091e-01
     7.02502728e-02  1.21770121e-01 -9.30814147e-02  4.92494889e-02
     1.28600106e-01 -5.86943664e-02  7.30136707e-02 -1.18120037e-01
     1.22573838e-01 -2.37527881e-02  5.49361855e-03 -9.36658680e-03
     9.19180214e-02  1.12660855e-01 -9.97623503e-02  1.08926989e-01
     2.48777345e-02  7.09880739e-02 -7.58497044e-02  2.93124467e-03
    -1.10712871e-02 -8.34894702e-02 -1.00425340e-01  6.74512982e-03
     2.50034779e-03  2.77052857e-02 -5.00013679e-02 -5.15588522e-02]
   [ 4.44506407e-02 -5.65964207e-02 -1.21320970e-01  3.00679449e-02
    -2.99736634e-02  1.72576476e-02  8.47225934e-02 -1.37386192e-02
     1.56095903e-02 -5.30665480e-02  1.37115214e-02  7.69875273e-02
     9.70381647e-02 -1.11586452e-01 -2.19504647e-02 -9.10682380e-02
     1.31212160e-01  3.02746929e-02 -8.48647505e-02 -1.33466870e-01
     2.36069784e-02 -9.74192321e-02 -2.43850965e-02  5.18197492e-02
     8.37839544e-02 -1.52231874e-02  5.77618405e-02 -3.34214717e-02
    -9.86876190e-02 -1.03941746e-02 -4.30231318e-02 -3.63741047e-03]]

  [[ 6.09481558e-02  3.27980854e-02  9.96387079e-02 -1.25957265e-01
    -7.04765022e-02  1.25478774e-01  1.15807995e-01  3.35463658e-02
    -1.08021304e-01 -6.28691241e-02  2.00223556e-04 -2.81848256e-02
     1.00874178e-01 -3.35287191e-02 -7.81993568e-02  3.81682813e-02
     2.45813709e-02 -1.78445689e-02  5.02442978e-02 -2.68740598e-02
    -9.49498415e-02 -1.24416668e-02 -9.16345790e-02 -2.49906220e-02
     5.86350337e-02 -7.44526535e-02 -5.55711351e-02  1.11070082e-01
     1.34550199e-01  1.27480656e-01  9.98701081e-02  1.20770141e-01]
   [ 2.31583267e-02 -1.48547634e-01  7.57767335e-02 -9.29782093e-02
     6.39978424e-02 -8.00767168e-02  6.22809641e-02 -2.40810625e-02
    -9.87553783e-03  6.35541677e-02 -1.33385092e-01  3.26823853e-02
     9.39174965e-02 -2.67060641e-02  1.98442135e-02  1.33987471e-01
     4.61753607e-02  3.93179879e-02 -8.88008848e-02  6.27583638e-02
     1.05003014e-01  8.55242684e-02  1.45754784e-01 -1.04137376e-01
     2.24730112e-02  9.61937848e-03 -2.33912431e-02  3.29617634e-02
    -1.18365310e-01  1.18682757e-01 -8.94149169e-02  7.98137784e-02]
   [ 1.23395160e-01 -2.41932049e-02 -7.76936039e-02  6.71144426e-02
     5.50655052e-02 -8.71307310e-03  1.35214671e-01  1.14012167e-01
    -1.16817541e-02 -1.18439764e-01  6.70307428e-02  1.21476859e-01
     1.49503395e-01  6.37003183e-02  1.24390170e-01 -4.19019498e-02
     5.72513193e-02 -7.41909966e-02  2.73308624e-02 -4.02812548e-02
    -9.64404941e-02 -8.82729813e-02  5.81666902e-02  1.08584531e-01
     3.67549956e-02  2.10402384e-02  8.48793164e-02  1.34230852e-01
     8.23979229e-02 -6.98189884e-02  5.68705983e-02 -1.33793697e-01]]]


 [[[-2.86783967e-02 -5.67112118e-02 -9.16305929e-02  1.00202307e-01
    -1.14450611e-01 -1.59275215e-02 -9.47711170e-02  8.83230716e-02
     1.06016077e-01  1.31570874e-02 -4.77745794e-02 -4.76097725e-02
     9.65367109e-02 -4.68710959e-02 -1.03847787e-01 -1.28690392e-01
    -6.45417571e-02  1.65162224e-03  5.80854155e-02 -4.60487237e-04
     8.79016798e-03  5.89530915e-02 -1.85386874e-02  5.96207604e-02
    -4.37682420e-02  2.63075233e-02 -1.57210473e-02 -9.93665978e-02
    -2.92322282e-02  9.72134247e-02  9.78147984e-02  1.21752515e-01]
   [-1.26883864e-01  1.02386750e-01 -3.52901332e-02 -8.35519880e-02
    -1.15621373e-01  9.54973772e-02 -9.97315273e-02 -5.21368906e-02
     6.09151088e-02  1.35601513e-04 -3.68977571e-03 -1.01462588e-01
     6.78406432e-02  4.31717113e-02 -1.00963516e-02 -1.08822398e-01
    -8.07639733e-02 -2.27404516e-02 -3.16461250e-02 -2.93135811e-02
     1.34198084e-01 -1.11388475e-01 -8.67457166e-02  1.49116114e-01
    -4.14237007e-02  2.00923085e-02 -7.71080703e-02 -1.02837510e-01
     4.94130924e-02  5.64361848e-02  4.67261635e-02 -1.10260313e-02]
   [ 1.00163579e-01 -8.39357004e-02 -7.17083961e-02 -1.06029443e-01
     1.80834308e-02  1.15265772e-02 -1.23020835e-01 -7.04103410e-02
     6.24552779e-02 -1.96810458e-02 -2.69972458e-02 -1.03545994e-01
    -1.02133535e-01  5.91862900e-03  3.38187888e-02 -6.64704517e-02
     5.22815324e-02  1.04265824e-01 -9.17499587e-02  3.68226506e-02
    -5.25402986e-02  9.15154815e-02 -1.41449422e-01 -4.30988893e-02
     4.99892756e-02  6.19647875e-02  3.51472534e-02 -7.21614584e-02
     1.87571589e-02  9.74792913e-02  3.84608097e-03  1.01243006e-02]]

  [[ 3.82204205e-02  1.62578486e-02  1.61495358e-02  7.31749926e-03
     7.86507055e-02  5.16608842e-02 -2.39976384e-02 -3.12955566e-02
    -1.20210484e-01  7.49282688e-02  8.76489133e-02  7.08281100e-02
    -5.72696365e-02  1.28199846e-01 -1.01677708e-01  6.46840036e-02
     1.51590630e-02  7.39595443e-02 -1.11316964e-01 -1.66183695e-01
    -6.71841055e-02  7.69127607e-02  9.96451750e-02 -1.25797600e-01
    -8.07315260e-02  9.21942443e-02  8.00547898e-02  1.52609527e-01
     7.54484907e-02  1.42651662e-01  6.95319623e-02  1.16412438e-01]
   [ 5.96729573e-03 -4.05760929e-02 -9.49856862e-02 -9.38903093e-02
    -4.47698832e-02 -2.59442115e-03  1.23554371e-01 -7.50664845e-02
     8.24052654e-03 -8.15007836e-02  1.97777115e-02 -8.18203986e-02
    -2.16658060e-02 -8.76250118e-02 -9.37815532e-02  1.02521472e-01
     2.54649259e-02  2.48537883e-02  1.01903202e-02 -4.83843200e-02
     1.50866568e-01 -8.99470001e-02 -1.84622407e-02  1.20422421e-02
    -7.91063532e-02  8.61847482e-04 -4.26246114e-02  1.06687292e-01
    -4.43082340e-02  1.43350765e-01 -1.07394695e-01 -7.25122094e-02]
   [ 6.44382685e-02  4.90152789e-03 -3.66269350e-02 -6.78633898e-02
     7.25743845e-02 -9.42174345e-02 -9.52881947e-02  8.12159181e-02
     9.65243205e-02 -1.22928284e-02 -1.10396687e-02 -9.99148041e-02
    -1.03212737e-01  1.24710456e-01  9.93437544e-02 -1.23844102e-01
    -8.84435251e-02  1.05702206e-01 -6.19678199e-02 -3.97283509e-02
    -2.04689577e-02  8.35708380e-02  1.10850332e-03 -3.64499800e-02
     1.06734730e-01 -4.16624397e-02  4.09997739e-02 -9.21560302e-02
     1.25717849e-01  7.78330937e-02 -5.89842126e-02 -3.47349606e-02]]

  [[ 1.91047695e-02 -9.11889970e-02  1.13038711e-01  1.08673953e-01
     9.67725925e-03  1.01614624e-01 -4.24954928e-02  6.78313822e-02
     1.11877911e-01  1.56464416e-03 -4.88879792e-02  9.82047021e-02
    -1.15196340e-01 -5.38523048e-02  1.14666387e-01  1.07821777e-01
     2.04724539e-02 -4.03335430e-02  8.66317898e-02 -1.01364806e-01
     3.91219296e-02  1.18523851e-01  9.62997600e-02 -2.46952213e-02
    -2.72218511e-02  1.40595846e-02 -7.99190700e-02 -7.93305784e-02
    -5.81306554e-02 -6.16916828e-02 -1.37829572e-01 -5.55527508e-02]
   [-1.32578135e-01 -4.61665504e-02  6.40067011e-02  3.34760174e-02
    -1.17304489e-01 -9.75329280e-02  3.92162316e-02 -8.85051787e-02
    -6.36530519e-02 -6.80509657e-02 -4.85466607e-02  1.37168929e-01
     2.14342438e-02 -1.16931096e-01 -4.94503751e-02  6.94853663e-02
     9.01938695e-03 -9.68232304e-02 -1.33621886e-01 -1.28842965e-01
     5.81821539e-02  3.73678915e-02  5.93545958e-02 -1.30953044e-01
     9.75138396e-02  1.27714545e-01 -6.32366166e-02  1.43820681e-02
    -1.06728949e-01  3.10393586e-03 -4.79152752e-03  1.14826292e-01]
   [-9.74404588e-02  1.17984176e-01  8.53527710e-02  1.31489471e-01
    -4.50013801e-02 -4.01914604e-02 -1.24647312e-01 -9.17556211e-02
    -1.11937456e-01  3.02000958e-02 -1.05798721e-01 -7.27923214e-02
    -9.04253796e-02 -1.14990994e-01  1.19899064e-01  1.24512613e-02
    -5.15140332e-02 -1.21886238e-01  1.15778610e-01 -9.00255591e-02
     1.38811126e-01  9.37540084e-03  4.38951552e-02  1.26899838e-01
    -7.89235681e-02  8.38177949e-02  8.59707966e-02  1.34356260e-01
     5.72871938e-02  1.17589727e-01  8.85942131e-02  2.68532448e-02]]]


 [[[ 7.92508423e-02  8.49215537e-02  1.06725506e-01 -1.33583978e-01
    -7.45592862e-02  5.39012477e-02  1.18364673e-02  4.11927626e-02
     8.23359862e-02 -4.85322326e-02  9.61658582e-02 -1.05843889e-02
     8.28345791e-02 -1.14065401e-01 -1.76197700e-02  5.02668619e-02
     6.22348525e-02  2.90902276e-02 -1.33226559e-01 -4.10217047e-02
     3.68701071e-02  1.12605549e-01  6.34549707e-02  2.03533154e-02
    -4.97689843e-02  8.75867084e-02 -1.22760266e-01  1.93349784e-03
     6.49698600e-02 -1.31249607e-01 -5.03220037e-02  5.79810627e-02]
   [-7.01461434e-02 -6.79339794e-03 -4.38634455e-02 -1.32168010e-01
     4.23225574e-02  2.01913007e-02 -1.14250906e-01  3.32371518e-02
     6.65208995e-02  1.31798849e-01 -6.09210990e-02 -1.41763687e-01
    -1.77667234e-02  1.45834669e-01 -2.79130358e-02  3.47133130e-02
     3.93302366e-02 -7.09962323e-02  5.58976829e-02  1.51941299e-01
     1.51009917e-01  1.25778943e-01 -1.20405436e-01  5.95219098e-02
    -6.37391731e-02  6.40042033e-03 -1.03829242e-01  7.67750666e-02
     7.11948276e-02 -1.09192409e-01  1.30251750e-01 -3.66420783e-02]
   [ 5.06897345e-02  2.63601840e-02  1.15387611e-01 -3.05174291e-02
     1.47495633e-02 -3.70697826e-02  1.33644596e-01  4.69110534e-02
    -2.48675551e-02  1.01757422e-03 -1.18577830e-01 -6.74682111e-02
     1.10368259e-01 -1.24265425e-01  1.00966521e-01 -1.05389059e-01
    -1.32532090e-01 -2.14058794e-02  1.71226617e-02  4.54150103e-02
    -7.14989239e-03  1.72348507e-02 -1.53279498e-01 -1.26670003e-01
    -1.36954382e-01 -9.25152376e-02  3.42978537e-02 -2.11700797e-02
     1.72220133e-02  1.27618864e-01  1.11183040e-02  1.22428983e-01]]

  [[-8.57401043e-02 -3.64247262e-02  3.16652395e-02 -8.73209089e-02
    -4.99474294e-02  9.36266631e-02  9.11966618e-03 -1.24588728e-01
     1.34541959e-01  1.62496534e-03 -1.18419625e-01 -8.69756192e-02
     4.30383831e-02 -1.04414240e-01 -9.95704383e-02 -9.86197740e-02
    -1.29091576e-01 -1.16340369e-01 -2.40238791e-04  2.21642982e-02
     1.51793763e-01  1.03035286e-01 -5.15724160e-02 -1.20727926e-01
     2.49644369e-02 -4.48099934e-02 -1.73584539e-02  1.14697345e-01
    -6.85949847e-02 -3.50270048e-02  3.18137743e-02 -1.33241326e-01]
   [-1.40580162e-01 -7.60443658e-02 -8.44570026e-02 -1.28880396e-01
     2.94576958e-03  2.48914827e-02 -8.48727599e-02 -8.38060584e-03
     4.02529873e-02 -6.98466972e-02 -8.02951008e-02  3.61364000e-02
    -9.13329646e-02  1.27717957e-01  7.63914138e-02  1.01798950e-02
    -1.61128249e-02 -7.73823336e-02  1.19195014e-01  1.54592115e-02
    -1.06465392e-01  7.88359493e-02 -1.16135672e-01 -1.23729117e-01
     2.52225362e-02  1.06913418e-01 -4.34630811e-02 -8.12852606e-02
    -3.92669216e-02  1.09458016e-02  1.07741006e-01 -7.01219365e-02]
   [ 3.54289301e-02  1.48575261e-01  7.97547176e-02  8.11029226e-02
     6.99460879e-02 -7.78805688e-02  5.03925458e-02  1.00994296e-01
    -1.24624819e-01  4.48187813e-02 -2.90222969e-02  6.03056811e-02
    -8.85212496e-02  1.21738642e-01  1.21072292e-01  7.34371543e-02
     1.68898217e-02  5.04912101e-02  7.73218125e-02 -7.69358128e-02
     6.85574412e-02 -8.83053988e-02 -1.08029135e-01  6.15519546e-02
    -1.22014768e-01  7.80021399e-02  1.10555865e-01 -1.31184608e-01
     4.06940356e-02  3.17249596e-02 -1.16309762e-01  6.71400800e-02]]

  [[ 8.64246488e-02  6.99771941e-02 -1.48033500e-01  8.06665346e-02
     7.57950246e-02 -1.00115836e-01  1.03859659e-02 -1.12881765e-01
    -7.58179054e-02  1.65387362e-01 -6.19958267e-02  8.00628215e-02
     5.24146073e-02 -5.88513501e-02 -9.92689654e-02 -1.25958443e-01
     1.00079820e-01  1.17840938e-01 -3.51281166e-02  1.58800147e-02
    -7.72675574e-02  4.31939214e-02 -4.21034358e-02 -1.15036778e-01
     6.30854862e-03 -1.10231705e-01 -7.83325061e-02 -1.31876737e-01
     6.75048307e-02 -6.46951944e-02 -2.79100370e-02 -3.66456844e-02]
   [ 1.04654878e-01 -2.72735134e-02 -6.27708882e-02  1.31687403e-01
     3.00028659e-02  1.07738554e-01  7.29129165e-02  5.40824942e-02
    -2.74896137e-02 -6.19181395e-02  3.46713550e-02 -2.97452393e-03
     8.30692202e-02 -1.26875825e-02 -1.04196243e-01  1.17660202e-01
     2.00105868e-02  1.75664648e-02  1.14926510e-02  4.92056794e-02
    -1.69815123e-02  6.38791993e-02 -2.47850027e-02  9.35019925e-02
    -1.06242172e-01 -1.26743644e-01 -8.37448705e-03 -1.15002438e-01
     2.85570845e-02  8.60946178e-02 -1.02040164e-01  1.55533012e-02]
   [ 4.39284183e-02  1.19770512e-01 -1.21365227e-01 -2.08915081e-02
    -1.23311505e-01  4.95485254e-02  1.27936244e-01 -2.23856568e-02
    -9.73102823e-02  1.53187960e-01  1.15481406e-01  6.71325177e-02
    -1.34614050e-01  5.34971468e-02  1.31391976e-02 -9.21618715e-02
     5.40219545e-02  3.01647279e-02  1.18100390e-01 -6.77259788e-02
    -3.77455354e-02  6.82794228e-02  1.52642921e-01 -2.75122132e-02
    -6.74796430e-03  9.50182229e-03  1.77194625e-02 -5.91838211e-02
    -1.07401550e-01  3.89760062e-02 -8.09118673e-02 -1.95375644e-02]]]][-0.02304223  0.0105114  -0.00366157  0.00706705 -0.00762974 -0.02566765
  0.00583083 -0.01236381 -0.0024298   0.01062302 -0.00634231  0.00386612
  0.00555023  0.0105568   0.01365612  0.00032384  0.03145702  0.0089472
 -0.00125016  0.04751505 -0.00569134 -0.00132957  0.03575487  0.00477582
 -0.00132132 -0.02322215 -0.00017589  0.00902036  0.0052145  -0.00572749
  0.00703763  0.0033764 ][[[[ 0.04945983 -0.09043352 -0.07817946 ... -0.0225026  -0.10989747
    -0.07300346]
   [ 0.05158759 -0.02231508 -0.01570115 ... -0.00208224  0.02002236
     0.03280709]
   [ 0.08381681 -0.00021099  0.11535467 ...  0.1233867  -0.06741256
     0.01652659]
   ...
   [-0.04422507  0.06094844 -0.02748419 ... -0.01091589  0.06322671
    -0.08074836]
   [-0.05008578  0.02382318  0.15546602 ...  0.03636272 -0.01950425
     0.11851649]
   [ 0.06153104  0.09046289  0.00690746 ...  0.05857051 -0.09281972
     0.06564481]]

  [[-0.00351402  0.05983303 -0.07986502 ... -0.02490596  0.04353536
    -0.05592148]
   [-0.06080708  0.0806756   0.07429695 ...  0.05734238 -0.00364533
     0.09784705]
   [-0.0708909   0.04422611  0.09173878 ...  0.0068888   0.06372895
     0.09992053]
   ...
   [ 0.0824829   0.00251988  0.10235085 ... -0.02813218 -0.0711966
     0.00943511]
   [ 0.00898349  0.05474256  0.10820069 ...  0.05001868 -0.05001799
     0.01600635]
   [ 0.00566378  0.01880376  0.04375401 ...  0.03636852 -0.02836825
     0.03609338]]

  [[-0.01396252 -0.05115413 -0.08668617 ...  0.05647307 -0.0058252
     0.04364738]
   [ 0.03707373  0.04985662  0.07147397 ...  0.01716416 -0.04882555
     0.07339486]
   [-0.0013053  -0.09856886  0.12299965 ...  0.06493006 -0.03209873
     0.08951409]
   ...
   [-0.08636873  0.04105013 -0.08260407 ...  0.05129032  0.07141189
    -0.07880697]
   [-0.10169864 -0.05633011  0.03047223 ...  0.01361844  0.04768091
    -0.05739964]
   [-0.06590828 -0.09038975  0.0984458  ... -0.07347567 -0.02733278
     0.07936306]]]


 [[[ 0.08307815  0.07852654 -0.07116309 ... -0.0154747  -0.04503667
     0.07266156]
   [-0.0085664  -0.10006937  0.06766219 ...  0.08896806  0.0808062
     0.07992233]
   [-0.07913463 -0.04079593  0.06737981 ...  0.02361813  0.01608801
     0.0707411 ]
   ...
   [-0.09612295  0.04918708  0.08363508 ...  0.03099804 -0.04488517
     0.05968147]
   [-0.0506645  -0.04943063  0.00793547 ...  0.09255071 -0.01961416
    -0.02029266]
   [-0.03433704  0.0485538   0.00199479 ...  0.01533517 -0.01884232
     0.03225826]]

  [[ 0.01684175 -0.08627668 -0.0927289  ...  0.04708626 -0.07483414
    -0.01198466]
   [-0.00357224  0.01698074 -0.0402154  ... -0.00464296 -0.07880705
     0.13128395]
   [-0.04430677 -0.04602693  0.13883315 ...  0.08328295  0.06598497
    -0.03580257]
   ...
   [ 0.03069389 -0.0981484  -0.07495646 ... -0.09490545 -0.0725826
    -0.10519856]
   [ 0.00668866  0.04381474 -0.0391475  ... -0.03319166  0.07681882
    -0.04299061]
   [ 0.05097928  0.00288901  0.08333716 ...  0.02526923  0.01147771
    -0.05820204]]

  [[ 0.00261713 -0.05338084  0.00856222 ... -0.07944685  0.06590451
    -0.02418735]
   [-0.09181079 -0.10815226  0.05177096 ... -0.07067072 -0.08414494
     0.06040419]
   [ 0.03318305 -0.02029265 -0.01301027 ... -0.0119344   0.00633522
     0.08639844]
   ...
   [-0.07130808  0.03361638 -0.02122032 ... -0.0326355   0.08195534
    -0.05592267]
   [-0.07273655 -0.09744954  0.14319168 ... -0.09395358 -0.06904664
    -0.07213463]
   [-0.02378811  0.05276413 -0.0667845  ... -0.07552469  0.00134253
     0.0325629 ]]]


 [[[ 0.0054934   0.00938831 -0.04865088 ...  0.03642238 -0.08024887
    -0.10533309]
   [ 0.01601465  0.0728681   0.02228113 ...  0.0332455   0.03162261
    -0.00226531]
   [ 0.01567625  0.04707679  0.00748732 ... -0.09455196 -0.0328442
     0.07291762]
   ...
   [ 0.04903106  0.06240739  0.04685573 ...  0.08515789  0.06237657
     0.08233206]
   [-0.05887665 -0.05068125  0.11231364 ...  0.09253204  0.08211607
     0.07315655]
   [-0.06880102 -0.01935137  0.12492139 ... -0.03363179  0.04441257
    -0.08270743]]

  [[-0.03200244 -0.02112138 -0.01161121 ...  0.02796271 -0.10278151
    -0.09199438]
   [-0.08161386 -0.03170005 -0.01822648 ...  0.06000745 -0.06601532
     0.03846529]
   [-0.01215681  0.07975139 -0.0768289  ... -0.06102548  0.00881332
     0.06186782]
   ...
   [ 0.01281178  0.03581415 -0.01938213 ...  0.02531585  0.02020213
     0.07037686]
   [-0.03321058 -0.10313751  0.07774837 ...  0.00400976 -0.0887285
     0.10961663]
   [ 0.04245851 -0.06395574 -0.01630695 ...  0.10664551  0.08651474
     0.09717202]]

  [[ 0.07504023 -0.01573842 -0.01669665 ...  0.02788529  0.03285659
     0.07318181]
   [-0.06301998  0.08449396 -0.00528771 ... -0.05385742  0.03826912
     0.02476434]
   [-0.04924084  0.04678142 -0.08932225 ...  0.00606541 -0.10114192
    -0.03702459]
   ...
   [-0.02265304  0.05088918 -0.11188844 ... -0.06946345 -0.08962683
    -0.0731457 ]
   [ 0.05988744 -0.09407505  0.10128527 ... -0.09785371  0.077497
    -0.00329077]
   [ 0.0033131   0.03759912 -0.0896074  ...  0.0611653  -0.08769242
    -0.03290434]]]][-0.00840427  0.00863983  0.03740222 -0.01523832  0.01722594 -0.00780228
  0.00524491 -0.00017471  0.00052253  0.01566723 -0.01206626 -0.00700422
 -0.0136767   0.00982177 -0.0022285  -0.0010974   0.01184956 -0.00583703
 -0.00959393 -0.00665096 -0.00159884  0.0022682  -0.01047431  0.0002118
 -0.00836498 -0.00526491 -0.00479808  0.00400115 -0.01692767  0.00855831
 -0.00932777 -0.00435079][[-0.02190954 -0.02380501 -0.00826178 ... -0.01722038 -0.00569606
   0.02142743]
 [ 0.01950063  0.02924082 -0.00848767 ... -0.03104278  0.0182205
  -0.00394218]
 [ 0.08119094  0.07422981  0.0022452  ...  0.00045264  0.0355301
   0.08572938]
 ...
 [ 0.01326263 -0.03233436  0.00066879 ...  0.00093705 -0.02253804
   0.01611741]
 [-0.0103759   0.01355293 -0.02974335 ... -0.02274097 -0.00534806
  -0.03062513]
 [ 0.01348895  0.03905158  0.01623234 ...  0.01343203  0.01910291
  -0.01850407]][ 0.01984371  0.01832621 -0.00505751  0.01797402 -0.00599624  0.02199798
 -0.0059685  -0.00599788 -0.00963747 -0.00767126 -0.00715255 -0.00600482
 -0.00574416 -0.00931819  0.01830807 -0.00513412 -0.00522309  0.01925279
 -0.00955136 -0.0043157   0.01815205  0.01677314 -0.00608426  0.01757295
  0.          0.01774747 -0.00570956 -0.00600419  0.02101923 -0.00613813
 -0.00510943 -0.00600458  0.01806349 -0.00908887 -0.00600496 -0.00600461
 -0.00576031 -0.00929102  0.01785808 -0.00600245 -0.00600476  0.0171481
  0.01764761  0.01788741  0.0190159  -0.00600505  0.01782175 -0.00622588
 -0.00564238  0.02056558  0.01775345  0.01751543 -0.0060031  -0.00750723
 -0.00588973 -0.00521661  0.         -0.00609343  0.01707801  0.01848008
 -0.00510192 -0.00508889  0.01798727 -0.00600505 -0.00600472 -0.00598891
 -0.00570982  0.01938287  0.01787654 -0.00655727 -0.0073077  -0.00600416
 -0.0059981  -0.00600508 -0.00510811 -0.00599139  0.01961878 -0.00600473
 -0.00944516  0.         -0.00510811 -0.00599605 -0.00131924 -0.00600322
 -0.00599966 -0.00600078 -0.00525664 -0.00540659 -0.00464602 -0.0060042
 -0.00517101  0.01660866 -0.00600456 -0.00600484 -0.00556146 -0.00681196
 -0.00557823  0.01797632 -0.00600344 -0.00651338 -0.00600264 -0.00528103
  0.01786327  0.01805479 -0.00655298 -0.00600431 -0.01010282  0.01787741
 -0.00600485 -0.00600507 -0.00593288 -0.00291617 -0.0051681  -0.00570038
 -0.00511838 -0.00600499 -0.00489243  0.01820391  0.00175195 -0.00541595
 -0.00599849  0.01706644 -0.00521545  0.01849423 -0.00510527 -0.00600398
  0.01781319  0.01787799][[ 3.97646278e-02]
 [ 7.00915009e-02]
 [-1.25741266e-04]
 [ 8.55772197e-02]
 [-2.68422347e-03]
 [ 2.35960335e-01]
 [ 1.53577304e-03]
 [-1.84512392e-01]
 [-1.21794231e-01]
 [ 1.54898703e-01]
 [-1.55716017e-01]
 [-1.19239464e-01]
 [-1.12626545e-01]
 [-8.27671736e-02]
 [ 9.73149315e-02]
 [ 1.11523144e-01]
 [-6.21122681e-02]
 [ 9.98374149e-02]
 [-7.05658123e-02]
 [ 5.73262349e-02]
 [ 1.01536520e-01]
 [ 1.74623907e-01]
 [ 4.79676239e-02]
 [ 1.81884959e-01]
 [ 1.04148984e-01]
 [ 1.64085820e-01]
 [ 1.76269367e-01]
 [-8.44330192e-02]
 [ 9.14043561e-02]
 [-4.57468927e-02]
 [-2.01826558e-01]
 [-8.52908790e-02]
 [ 2.13361517e-01]
 [-1.13423541e-01]
 [-1.53875768e-01]
 [-8.78243595e-02]
 [ 4.59517576e-02]
 [-3.70491259e-02]
 [ 5.14409468e-02]
 [-2.06408054e-02]
 [-1.60291791e-01]
 [ 2.80598514e-02]
 [ 2.26210698e-01]
 [ 1.90159246e-01]
 [ 4.61446047e-02]
 [-1.88858822e-01]
 [ 2.10918978e-01]
 [-5.41314436e-03]
 [ 7.57850632e-02]
 [ 9.77128148e-02]
 [ 1.66781530e-01]
 [ 1.83351815e-01]
 [-8.41844082e-02]
 [ 1.78094879e-01]
 [-1.56418785e-01]
 [ 6.16684444e-02]
 [-9.93314683e-02]
 [ 6.40145093e-02]
 [ 1.42243996e-01]
 [ 2.78111622e-02]
 [-7.80191794e-02]
 [-2.44182367e-02]
 [ 6.66390657e-02]
 [-1.89271212e-01]
 [-1.09020844e-01]
 [ 8.54547601e-04]
 [-1.39677316e-01]
 [ 1.51105836e-01]
 [ 2.06949934e-02]
 [ 9.66998115e-02]
 [-5.72739504e-02]
 [-5.56750111e-02]
 [-1.69971228e-01]
 [-2.00659066e-01]
 [ 7.86295086e-02]
 [ 8.22043866e-02]
 [ 8.79926234e-02]
 [-1.03310712e-01]
 [-5.47883920e-02]
 [ 1.33997053e-01]
 [-7.20715821e-02]
 [-1.28158510e-01]
 [ 5.34621514e-02]
 [-2.97897160e-02]
 [-8.79243482e-03]
 [-1.39053300e-01]
 [-3.16855609e-02]
 [-2.05037519e-01]
 [ 2.97773387e-02]
 [-5.73492832e-02]
 [ 6.18482791e-02]
 [ 1.31524920e-01]
 [-9.46741328e-02]
 [-1.23057693e-01]
 [ 9.67656597e-02]
 [ 3.88095491e-02]
 [ 1.46990284e-01]
 [ 1.91909075e-01]
 [-2.66722683e-02]
 [ 1.80744618e-01]
 [-6.14163317e-02]
 [-3.35124955e-02]
 [ 2.16624603e-01]
 [ 1.65020421e-01]
 [ 1.19806103e-01]
 [-6.38478622e-02]
 [-1.87615782e-01]
 [ 1.72194004e-01]
 [-1.41921788e-01]
 [-1.96927086e-01]
 [-1.07935490e-02]
 [ 1.93675101e-01]
 [ 1.25284508e-01]
 [-6.13074563e-02]
 [-1.21193506e-01]
 [-1.63643539e-01]
 [ 3.19907516e-02]
 [ 3.82079519e-02]
 [ 8.27969424e-03]
 [ 1.77455544e-01]
 [-5.50634274e-03]
 [ 2.12481003e-02]
 [-4.67984043e-02]
 [ 5.48342429e-02]
 [-1.45745650e-01]
 [-4.69803251e-02]
 [ 2.17730358e-01]
 [ 8.15144926e-02]]